output.asc
NCOLS          50        
NROWS          50        
XLLCENTER      76.90     
YLLCENTER      28.40     
DX             0.01      
DY             0.01      
NODATA_VALUE   -999.00   
[rows 0 to 44 of 50, columns 0 to 49 of 50]
114.24 114.24 114.24 114.24 114.24 114.24 114.24 114.24 114.24 114.24 114.24 114.24 114.24 114.29 114.38 114.50 114.64 114.77 114.88 114.96 114.99 114.98 114.92 114.82 114.69 114.55 114.42 114.32 114.25 114.24 114.24 114.24 114.24 114.24 114.24 114.24 114.24 114.24 114.24 114.24 114.24 114.24 114.24 114.24 114.24 114.24 114.24 114.24 114.24 114.24
114.24 114.24 114.24 114.24 114.24 114.24 114.24 114.24 114.24 114.24 114.24 114.24 114.29 114.40 114.57 114.76 114.96 115.16 115.32 115.43 115.48 115.46 115.37 115.22 115.04 114.84 114.64 114.46 114.33 114.25 114.24 114.24 114.24 114.24 114.24 114.24 114.24 114.24 114.24 114.24 114.24 114.24 114.24 114.24 114.24 114.24 114.24 114.24 114.24 114.24
114.24 114.24 114.24 114.24 114.24 114.24 114.24 114.24 114.24 114.24 114.24 114.27 114.39 114.57 114.80 115.07 115.35 115.61 115.83 115.99 116.06 116.02 115.90 115.70 115.45 115.18 114.90 114.66 114.45 114.31 114.24 114.24 114.24 114.24 114.24 114.24 114.24 114.24 114.24 114.24 114.24 114.24 114.24 114.24 114.24 114.24 114.24 114.24 114.24 114.24
114.24 114.24 114.24 114.24 114.24 114.24 114.24 114.24 114.24 114.24 114.25 114.34 114.51 114.76 115.06 115.40 115.76 116.10 116.40 116.61 116.71 116.66 116.49 116.22 115.89 115.54 115.19 114.87 114.60 114.39 114.27 114.24 114.24 114.24 114.24 114.24 114.24 114.24 114.24 114.24 114.24 114.24 114.24 114.24 114.24 114.24 114.24 114.24 114.24 114.24
114.24 114.24 114.24 114.24 114.24 114.24 114.24 114.24 114.24 114.24 114.27 114.41 114.63 114.94 115.30 115.72 116.15 116.59 116.98 117.28 117.42 117.35 117.11 116.75 116.32 115.88 115.46 115.07 114.74 114.48 114.31 114.24 114.24 114.24 114.24 114.24 114.24 114.24 114.24 114.24 114.24 114.24 114.24 114.24 114.24 114.24 114.24 114.24 114.24 114.24
114.24 114.24 114.24 114.24 114.24 114.24 114.24 114.24 114.24 114.24 114.30 114.47 114.74 115.08 115.50 115.97 116.49 117.02 117.53 117.95 118.17 118.07 117.71 117.22 116.69 116.17 115.68 115.23 114.86 114.56 114.35 114.25 114.24 114.24 114.24 114.24 114.24 114.24 114.24 114.24 114.24 114.24 114.24 114.24 114.24 114.24 114.24 114.24 114.24 114.24
114.24 114.24 114.24 114.24 114.24 114.24 114.24 114.24 114.24 114.24 114.32 114.51 114.80 115.17 115.62 116.13 116.70 117.30 117.93 118.53 118.94 118.73 118.17 117.54 116.93 116.35 115.82 115.35 114.94 114.61 114.38 114.26 114.24 114.24 114.24 114.24 114.24 114.24 114.24 114.24 114.24 114.24 114.24 114.24 114.24 114.24 114.24 114.24 114.24 114.24
114.24 114.24 114.24 114.24 114.24 114.24 114.24 114.24 114.24 114.24 114.33 114.52 114.81 115.19 115.64 116.17 116.74 117.37 118.04 118.73 119.36 119.03 118.38 117.78 117.22 116.70 116.20 115.72 115.26 114.85 114.51 114.30 114.22 114.23 114.24 114.24 114.24 114.24 114.24 114.24 114.24 114.24 114.24 114.24 114.24 114.24 114.24 114.24 114.24 114.24
114.24 114.24 114.24 114.24 114.24 114.24 114.24 114.24 114.24 114.24 114.31 114.49 114.77 115.13 115.57 116.06 116.63 117.25 117.88 118.45 118.79 118.78 118.52 118.19 117.81 117.37 116.84 116.25 115.67 115.13 114.68 114.35 114.17 114.08 114.09 114.18 114.24 114.24 114.24 114.24 114.24 114.24 114.24 114.24 114.24 114.24 114.24 114.24 114.24 114.24
114.24 114.24 114.24 114.24 114.24 114.24 114.24 114.24 114.24 114.24 114.29 114.44 114.68 115.01 115.41 115.89 116.45 117.03 117.59 118.06 118.47 118.74 118.85 118.80 118.54 118.11 117.53 116.85 116.13 115.44 114.84 114.40 114.11 113.92 113.85 113.91 114.09 114.22 114.24 114.24 114.24 114.24 114.24 114.24 114.24 114.24 114.24 114.24 114.24 114.24
114.24 114.24 114.24 114.24 114.24 114.24 114.24 114.24 114.24 114.24 114.26 114.37 114.57 114.85 115.23 115.71 116.24 116.79 117.31 117.89 118.49 119.02 119.40 119.52 119.38 119.01 118.43 117.67 116.80 115.90 115.08 114.44 114.03 113.74 113.59 113.60 113.76 114.03 114.22 114.26 114.25 114.24 114.24 114.24 114.24 114.24 114.24 114.24 114.24 114.24
114.24 114.24 114.24 114.24 114.24 114.24 114.24 114.24 114.24 114.24 114.24 114.30 114.44 114.70 115.07 115.53 116.04 116.57 117.18 117.95 118.77 119.58 120.19 120.53 120.59 120.36 119.83 119.00 117.96 116.82 115.71 114.76 114.03 113.55 113.31 113.28 113.42 113.72 114.07 114.26 114.28 114.26 114.25 114.24 114.24 114.24 114.24 114.24 114.24 114.24
114.24 114.24 114.24 114.24 114.24 114.24 114.24 114.24 114.24 114.24 114.24 114.25 114.34 114.58 114.93 115.37 115.87 116.42 117.20 118.18 119.33 120.42 121.32 121.95 122.26 122.21 121.73 120.85 119.61 118.15 116.69 115.37 114.30 113.54 113.09 112.96 113.06 113.33 113.72 114.03 114.16 114.14 114.14 114.16 114.20 114.23 114.24 114.24 114.24 114.24
114.24 114.24 114.24 114.24 114.24 114.24 114.24 114.24 114.24 114.24 114.24 114.24 114.30 114.50 114.83 115.25 115.73 116.37 117.33 118.62 120.11 121.54 122.78 123.72 124.31 124.48 124.14 123.19 121.67 119.79 117.86 116.11 114.71 113.70 113.04 112.65 112.58 112.75 113.12 113.52 113.75 113.80 113.82 113.88 113.97 114.09 114.18 114.24 114.24 114.24
114.24 114.24 114.24 114.24 114.24 114.24 114.24 114.24 114.24 114.24 114.24 114.24 114.31 114.48 114.77 115.16 115.62 116.37 117.57 119.17 121.01 122.83 124.43 125.68 126.54 127.01 126.94 126.02 124.09 121.54 118.96 116.79 115.14 113.91 113.00 112.36 112.04 112.07 112.37 112.82 113.12 113.26 113.30 113.41 113.57 113.77 113.97 114.13 114.22 114.24
114.24 114.24 114.24 114.24 114.24 114.24 114.24 114.24 114.24 114.24 114.24 114.25 114.33 114.50 114.76 115.11 115.57 116.43 117.82 119.71 121.86 124.06 126.04 127.45 128.51 129.33 129.79 129.26 126.58 122.98 119.64 117.18 115.43 114.05 112.96 112.11 111.55 111.37 111.55 111.98 112.31 112.51 112.60 112.77 113.02 113.32 113.62 113.90 114.11 114.23
114.24 114.24 114.24 114.24 114.24 114.24 114.24 114.24 114.24 114.24 114.24 114.25 114.33 114.51 114.77 115.11 115.56 116.49 117.99 120.03 122.31 124.69 126.98 128.40 129.64 130.73 131.53 131.54 128.11 123.72 119.48 117.23 115.66 114.24 112.99 111.94 111.14 110.70 110.69 111.01 111.33 111.56 111.71 111.96 112.32 112.74 113.18 113.59 113.92 114.14
114.24 114.24 114.24 114.24 114.24 114.24 114.24 114.24 114.24 114.24 114.24 114.24 114.32 114.49 114.74 115.08 115.54 116.48 117.96 119.93 122.09 124.28 126.34 128.08 129.56 130.78 131.42 130.75 128.20 124.36 120.39 117.96 116.16 114.54 113.11 111.83 110.74 110.04 109.82 109.98 110.22 110.44 110.65 111.01 111.51 112.07 112.65 113.20 113.66 114.01
114.24 114.24 114.24 114.24 114.24 114.24 114.24 114.24 114.24 114.24 114.24 114.24 114.30 114.44 114.68 114.99 115.44 116.25 117.51 119.23 121.14 123.09 124.98 126.74 128.37 129.80 130.68 130.23 128.16 125.05 121.77 118.98 116.73 114.81 113.16 111.77 110.42 109.50 109.10 109.09 109.20 109.36 109.59 110.05 110.66 111.38 112.11 112.79 113.38 113.83
114.24 114.24 114.24 114.24 114.24 114.24 114.24 114.24 114.24 114.24 114.25 114.26 114.30 114.42 114.63 114.90 115.25 115.74 116.66 118.01 119.61 121.26 122.92 124.56 126.17 127.75 129.24 129.33 127.65 124.90 121.90 119.18 116.85 114.90 113.17 111.61 110.24 109.20 108.63 108.33 108.25 108.39 108.75 109.33 110.03 110.80 111.61 112.42 113.11 113.66
114.24 114.24 114.24 114.24 114.24 114.24 114.24 114.24 114.26 114.30 114.34 114.38 114.42 114.51 114.66 114.86 114.98 115.12 115.58 116.45 117.66 118.95 120.29 121.65 123.01 124.36 125.50 125.80 125.05 123.12 120.76 118.49 116.50 114.77 113.17 111.67 110.34 109.28 108.53 107.85 107.37 107.55 108.23 108.99 109.75 110.53 111.33 112.13 112.90 113.52
114.24 114.24 114.24 114.24 114.24 114.24 114.25 114.29 114.36 114.44 114.52 114.59 114.63 114.69 114.79 114.84 114.71 114.54 114.50 114.82 115.48 116.33 117.26 118.22 119.14 120.06 120.84 121.23 120.98 120.03 118.60 117.07 115.62 114.28 113.02 111.83 110.74 109.86 109.05 108.10 107.00 107.42 108.35 109.17 109.91 110.62 111.34 112.06 112.78 113.43
114.24 114.24 114.24 114.24 114.24 114.25 114.31 114.41 114.52 114.64 114.76 114.86 114.93 114.98 115.02 114.89 114.52 114.05 113.60 113.33 113.35 113.65 114.05 114.50 114.91 115.39 116.02 116.60 116.81 116.56 115.98 115.20 114.33 113.47 112.68 111.97 111.32 110.74 110.14 109.43 108.80 108.81 109.29 109.88 110.48 111.05 111.64 112.23 112.82 113.42
114.26 114.27 114.29 114.30 114.31 114.36 114.44 114.57 114.72 114.89 115.06 115.20 115.30 115.38 115.40 115.17 114.64 113.91 113.10 112.33 111.67 111.25 111.01 110.84 110.72 110.80 111.27 112.27 112.95 113.29 113.38 113.21 112.88 112.54 112.28 112.14 111.98 111.78 111.51 111.11 110.75 110.56 110.65 110.96 111.37 111.77 112.17 112.59 113.03 113.49
114.36 114.41 114.45 114.47 114.51 114.59 114.70 114.84 115.01 115.19 115.39 115.60 115.83 116.03 116.11 115.87 115.24 114.29 113.14 111.92 110.73 109.61 108.63 107.80 107.09 106.91 107.79 108.94 109.87 110.61 111.17 111.44 111.53 111.64 111.90 112.26 112.61 112.90 113.01 112.95 112.70 112.35 112.17 112.28 112.46 112.65 112.84 113.07 113.34 113.65
114.56 114.64 114.70 114.75 114.82 114.92 115.05 115.20 115.37 115.57 115.84 116.20 116.61 116.95 117.11 116.89 116.20 115.09 113.64 112.04 110.44 108.90 107.43 106.08 104.76 104.40 105.61 106.77 107.77 108.70 109.55 110.07 110.45 110.81 111.33 112.16 113.10 113.96 114.68 114.97 114.75 114.29 113.93 113.74 113.64 113.59 113.56 113.60 113.70 113.85
114.84 114.95 115.04 115.12 115.21 115.33 115.46 115.61 115.78 116.05 116.47 117.00 117.56 118.07 118.32 118.07 117.33 116.13 114.56 112.73 110.82 108.99 107.33 105.88 104.67 104.26 104.77 105.63 106.51 107.42 108.27 108.92 109.43 109.91 110.42 111.91 113.45 114.94 116.38 117.10 116.67 116.06 115.55 115.12 114.75 114.47 114.24 114.10 114.04 114.04
115.16 115.33 115.45 115.55 115.67 115.78 115.90 116.03 116.23 116.61 117.17 117.87 118.64 119.33 119.61 119.31 118.53 117.31 115.69 113.78 111.73 109.74 107.99 106.51 105.38 104.80 104.79 105.18 105.78 106.48 107.18 107.84 108.52 109.35 110.48 112.02 113.73 115.48 117.25 118.27 117.79 117.20 116.67 116.15 115.62 115.17 114.78 114.49 114.28 114.15
115.52 115.74 115.91 116.05 116.16 116.25 116.33 116.42 116.68 117.15 117.81 118.63 119.60 120.56 120.76 120.43 119.71 118.53 116.92 114.99 112.92 110.90 109.10 107.55 106.38 105.65 105.36 105.41 105.72 106.18 106.69 107.23 107.93 109.02 110.53 112.12 113.77 115.43 116.89 117.76 117.90 117.65 117.25 116.75 116.16 115.59 115.11 114.71 114.39 114.18
115.89 116.18 116.40 116.57 116.68 116.72 116.73 116.79 117.06 117.56 118.27 119.14 120.09 120.90 121.30 121.26 120.75 119.72 118.16 116.21 114.10 112.08 110.31 108.80 107.63 106.84 106.40 106.26 106.33 106.60 106.89 107.17 107.51 108.39 110.15 111.95 113.62 115.15 116.41 117.25 117.63 117.64 117.39 116.95 116.36 115.72 115.17 114.72 114.37 114.19
116.22 116.59 116.91 117.12 117.20 117.16 117.05 117.06 117.31 117.80 118.49 119.35 120.23 120.97 121.51 121.80 121.64 120.86 119.35 117.31 115.08 112.99 111.24 109.82 108.80 108.12 107.71 107.53 107.49 107.60 107.71 107.75 107.67 108.08 110.02 111.78 113.37 114.76 115.89 116.71 117.21 117.36 117.21 116.82 116.23 115.55 115.00 114.60 114.33 114.20
116.46 116.92 117.36 117.68 117.71 117.50 117.25 117.19 117.39 117.83 118.48 119.30 120.11 120.85 121.49 122.02 122.31 121.97 120.40 118.09 115.67 113.46 111.74 110.51 109.72 109.25 108.98 108.86 108.86 108.92 108.96 108.93 108.95 109.40 110.46 111.79 113.02 114.12 115.07 115.86 116.43 116.72 116.72 116.41 115.85 115.24 114.77 114.46 114.27 114.22
116.55 117.05 117.57 118.10 118.02 117.60 117.25 117.11 117.25 117.64 118.24 118.99 119.74 120.46 121.13 121.75 122.29 122.68 120.77 118.24 115.74 113.41 111.70 110.89 110.45 110.21 110.11 110.13 110.27 110.39 110.24 110.05 109.99 110.22 110.88 111.91 112.61 113.34 114.10 114.82 115.41 115.80 115.94 115.81 115.41 114.92 114.55 114.33 114.24 114.24
116.45 116.91 117.35 117.65 117.62 117.33 117.00 116.84 116.93 117.25 117.78 118.46 119.13 119.78 120.37 120.89 121.18 120.91 119.64 117.66 115.46 113.27 111.62 111.29 111.10 111.00 111.03 111.17 111.41 111.49 111.16 110.79 110.54 110.52 110.81 111.33 111.81 112.33 112.96 113.64 114.26 114.73 114.99 115.02 114.85 114.61 114.36 114.24 114.23 114.24
116.21 116.58 116.90 117.07 117.05 116.85 116.58 116.41 116.45 116.71 117.16 117.75 118.34 118.88 119.35 119.69 119.71 119.26 118.22 116.75 115.09 113.52 112.41 111.93 111.72 111.64 111.70 111.88 112.02 111.99 111.66 111.18 110.74 110.45 110.36 110.50 110.78 111.13 111.70 112.37 113.01 113.55 113.94 114.15 114.22 114.26 114.25 114.23 114.23 114.24
115.88 116.17 116.39 116.51 116.49 116.34 116.12 115.92 115.90 116.07 116.39 116.86 117.35 117.80 118.16 118.37 118.30 117.86 117.02 115.91 114.69 113.59 112.79 112.37 112.19 112.13 112.21 112.32 112.36 112.24 111.87 111.35 110.75 110.16 109.75 109.59 109.69 110.01 110.47 111.06 111.72 112.36 112.90 113.30 113.65 113.96 114.19 114.25 114.24 114.24
115.51 115.73 115.90 115.98 115.97 115.86 115.68 115.43 115.27 115.28 115.46 115.78 116.18 116.54 116.85 117.00 116.93 116.60 116.01 115.22 114.35 113.56 112.96 112.59 112.47 112.49 112.61 112.69 112.66 112.41 111.94 111.29 110.52 109.70 109.01 108.55 108.45 108.77 109.14 109.75 110.52 111.30 112.00 112.65 113.23 113.72 114.08 114.25 114.24 114.24
115.15 115.32 115.44 115.50 115.49 115.40 115.20 114.91 114.61 114.44 114.45 114.62 114.92 115.23 115.50 115.64 115.64 115.45 115.10 114.61 114.05 113.49 113.03 112.76 112.67 112.78 112.95 113.03 112.92 112.54 111.93 111.11 110.13 109.08 108.11 107.35 106.97 107.11 107.69 108.54 109.50 110.42 111.31 112.14 112.88 113.50 113.97 114.21 114.24 114.24
114.83 114.95 115.03 115.07 115.06 114.92 114.67 114.34 113.97 113.65 113.49 113.50 113.68 113.96 114.20 114.37 114.45 114.42 114.27 114.02 113.70 113.38 113.08 112.90 112.88 113.02 113.22 113.29 113.09 112.62 111.89 110.92 109.75 108.51 107.25 106.08 105.25 105.32 106.24 107.41 108.58 109.72 110.78 111.76 112.62 113.34 113.87 114.18 114.24 114.24
114.56 114.64 114.70 114.72 114.64 114.43 114.12 113.74 113.33 112.92 112.60 112.47 112.52 112.70 112.94 113.16 113.34 113.46 113.49 113.46 113.36 113.25 113.14 113.07 113.12 113.31 113.50 113.43 113.14 112.60 111.80 110.73 109.50 108.16 106.73 105.23 103.68 103.72 105.23 106.69 108.05 109.33 110.51 111.57 112.51 113.27 113.82 114.15 114.24 114.24
114.36 114.41 114.44 114.42 114.27 113.99 113.62 113.18 112.72 112.26 111.86 111.56 111.43 111.49 111.71 112.02 112.32 112.59 112.81 112.96 113.07 113.14 113.22 113.29 113.43 113.63 113.74 113.59 113.19 112.55 111.67 110.62 109.43 108.13 106.76 105.40 104.32 104.34 105.41 106.74 108.07 109.34 110.53 111.61 112.54 113.28 113.83 114.15 114.24 114.24
114.25 114.27 114.28 114.19 113.98 113.64 113.22 112.72 112.20 111.67 111.17 110.76 110.49 110.43 110.62 110.98 111.43 111.87 112.26 112.59 112.87 113.11 113.37 113.57 113.71 113.85 113.93 113.74 113.29 112.62 111.77 110.79 109.70 108.55 107.42 106.43 105.81 105.82 106.46 107.46 108.59 109.75 110.85 111.84 112.70 113.39 113.89 114.18 114.24 114.24
114.24 114.24 114.22 114.08 113.81 113.43 112.95 112.40 111.79 111.16 110.53 109.96 109.57 109.50 109.75 110.22 110.78 111.36 111.91 112.40 112.81 113.14 113.50 113.76 113.88 113.97 114.01 113.84 113.44 112.85 112.11 111.26 110.32 109.37 108.48 107.77 107.37 107.38 107.81 108.55 109.45 110.41 111.35 112.22 112.97 113.57 114.00 114.22 114.24 114.24
114.24 114.24 114.20 114.03 113.73 113.31 112.80 112.19 111.52 110.79 110.03 109.28 108.67 108.55 109.01 109.69 110.39 111.07 111.70 112.27 112.76 113.18 113.54 113.80 113.93 113.99 114.04 113.97 113.69 113.22 112.60 111.89 111.13 110.37 109.69 109.17 108.89 108.90 109.20 109.74 110.43 111.20 111.97 112.68 113.31 113.80 114.13 114.24 114.24 114.24
114.24 114.24 114.20 114.02 113.70 113.27 112.74 112.12 111.42 110.65 109.84 108.98 108.09 107.83 108.67 109.49 110.26 110.99 111.66 112.26 112.78 113.23 113.59 113.84 113.96 114.01 114.06 114.09 113.94 113.61 113.14 112.58 111.98 111.39 110.87 110.49 110.29 110.29 110.51 110.91 111.43 112.02 112.62 113.19 113.67 114.03 114.22 114.24 114.24 114.24
